27163
27162
25366
25365
23332
23331
23240
23239
23093
22865
22864
22839
22838
22429
22428
22290
22289
21621
21620
21231
21230
21219
21218
20856
20855
20854
20852
20851
20850
20847
20846
20649
20648
20624
20623
19728
19727
19506
19256
19255
19254
19253
19238
18914
18913
18912
18906
18905
18892
18891
18665
18664
18378
18377
18229
18228
18094
18093
18074
18073
17856
17855
17279
17278
17267
17266
17255
17254
17136
17027
17026
17023
17022
17013
17012
16995
16994
16945
16944
16925
16924
16649
16648
16647
16546
16545
16538
16537
16530
16529
16528
16527
16235
16234
16174
16173
16172
16171
16151
16150
16149
16148
16147
16146
16135
16134
16100
16099
16047
16046
16043
16042
16035
16032
16024
16023
16022
16021
16020
16015
16014
16011
16010
16007
16006
16001
15998
15997
15992
15991
15988
15987
15986
15985
15984
15983
15982
15981
15980
15979
15977
15976
15973
15972
15971
15970
15968
15967
15965
15962
15957
15956
15951
15950
15947
15946
15945
15944
15943
15942
15941
15939
15937
15936
15935
15931
15888
15887
15886
15885
15884
15883
15882
15881
15849
15848
15808
15807
15806
15805
15804
15803
15792
15791
15788
15787
15754
15753
15752
15751
15596
15561
15560
15551
15550
15530
15529
15519
15518
15487
15473
15472
15468
15463
15462
15438
15437
15432
15431
15413
15412
15006
15005
14905
14904
14868
14867
14862
14861
14858
14857
14852
14851
14840
14839
14832
14831
14812
14811
14808
14807
14676
14675
14633
14632
14497
14496
14417
14416
14395
14394
14389
14388
14385
14384
14255
14254
14243
14242
14210
14209
14204
14203
14163
14162
14102
14101
14082
14081
14048
14047
14001
14000
13971
13970
13961
13960
13929
13928
13791
13790
13752
13751
13664
13663
13519
13518
13513
13512
13502
13501
13494
13493
13280
13279
13274
13273
13267
13266
13261
13260
13255
13254
13244
13243
13181
13180
13171
13170
13159
13158
13152
13151
11637
11636
11623
11622
11608
11607
11600
11599
11592
11591
11582
11581
11474
11473
11444
11442
11441
11434
11433
11427
11426
10707
10605
10536
10517
10411
10398
10396
10346
10336
10313
10292
10274
10229
10221
10059
10019
10010
10002
9994
9993
9992
9563
9455
9387
9384
9381
9341
9338
9332
9329
9325
9318
9316
9305
9303
9299
9294
9290
9287
9284
9280
9183
9180
9175
9161
9159
9152
9114
9106
9103
9097
9092
9081
9079
9071
8738
8726
8717
8708
8695
8692
8681
8643
8641
8630
8627
8619
8603
8592
8589
8563
8551
8547
8542
8538
8534
8526
8511
8502
8496
8486
8475
8464
8436
8432
8421
8402
8391
8382
6960
6946
6938
6937
6931
6919
6909
6805
6804
6797
6796
6787
6786
6785
6783
6782
6780
6778
6772
6514
6513
6510
6505
6504
6501
6500
6299
6298
6248
6247
6045
6044
6041
6040
6027
6026
6023
6022
5930
5929
5917
5911
5907
5902
5597
5596
5594
5590
5560
5541
5540
5530
5527
5526
5522
5520
5503
5500
5490
5489
5488
5474
5466
5463
5459
5444
5441
5437
5433
5432
5428
5423
5416
5415
5409
5406
5404
5402
5387
5384
5347
4325
4324
4318
4317
4298
4297
4288
4287
4284
4283
4063
4062
4058
4057
4050
4049
3755
3745
3635
3634
3619
3618
3609
3608
3605
3604
3597
3596
3587
3586
3583
3582
3517
3516
3512
3511
3508
3507
3500
3499
3403
3323
3310
3302
3298
3288
3286
3264
3262
3258
3249
3212
3202
3190
3188
3179
3171
3167
3159
3129
3123
3110
3099
3054
3052
3051
3044
3043
3017
3015
3011
3008
3005
3001
2990
2983
2963
2920
2918
2912
2898
2897
2845
2837
2823
2795
2789
2779
2750
2732
2713
2712
2710
2694
2693
2689
2676
2672
2657
2642
2640
2601
2577
2562
2543
2494
2484
2478
2471
2425
501
500
499
498
497
496
495
494
493
492
491
484
483
479
478
473
407